10x10
[Problem]

36 26 - 22 - - - - - -
- - 27 - 23 - - 15 - 11
- - - - 32 - 19 58 - 9
- 100 41 - - 31 - - 59 8
99 - - 52 53 - 63 - - 6
- 98 - - - 55 - - 4 -
45 48 50 - - 91 1 - - 66
- 47 - 94 93 - - - - 68
- 82 83 84 - 86 87 88 71 -
80 - - - 76 - - - - -
[Solution]

36 26 25 22 21 17 16 14 13 12
37 35 27 24 23 20 18 15 10 11
38 40 34 28 32 30 19 58 60 9
39 100 41 33 29 31 57 61 59 8
99 43 42 52 53 56 63 62 7 6
44 98 97 51 54 55 2 64 4 5
45 48 50 96 95 91 1 3 65 66
46 47 49 94 93 92 90 89 67 68
81 82 83 84 85 86 87 88 71 69
80 79 78 77 76 75 74 73 72 70