10x10
[Problem]

86 - - - 27 23 24 - - -
- 89 - - 26 - - 14 18 -
- 91 92 - - - 12 - - 17
- - - 96 - - 32 - - -
82 - 97 98 34 33 - - 7 8
80 - - 100 - - 38 6 - -
78 - - - - 39 45 - 47 -
76 - - 64 61 41 - 46 - 1
75 72 69 66 - - 55 - 53 50
71 - - 67 - - - 56 - 51
[Solution]

86 87 88 28 27 23 24 21 20 19
85 89 90 29 26 25 22 14 18 16
84 91 92 95 30 31 12 13 15 17
83 93 94 96 35 36 32 11 10 9
82 81 97 98 34 33 37 5 7 8
80 79 99 100 43 44 38 6 4 3
78 77 63 62 42 39 45 48 47 2
76 74 73 64 61 41 40 46 49 1
75 72 69 66 65 60 55 54 53 50
71 70 68 67 59 58 57 56 52 51