10x10
[Problem]

- - 60 - - - - 89 90 -
- 62 - - 55 - 95 - - 92
- 66 75 - - - - - - 100
- 74 - - 52 85 - 49 97 98
72 - - 77 83 - - - 40 39
- 70 - - 81 - - - - 38
- - - 12 - - 42 43 36 -
- 19 14 11 - - 30 - 34 35
- - 24 - - - 31 32 - -
- 21 - 25 28 - 6 - 2 1
[Solution]

63 61 60 58 57 56 88 89 90 91
64 62 59 54 55 87 95 94 93 92
65 66 75 53 86 51 50 96 99 100
73 74 67 76 52 85 48 49 97 98
72 71 68 77 83 84 47 45 40 39
16 70 69 78 81 82 46 41 44 38
17 15 13 12 79 80 42 43 36 37
18 19 14 11 10 9 30 33 34 35
20 23 24 27 8 29 31 32 4 3
22 21 26 25 28 7 6 5 2 1