10x10
[Problem]

- 69 - - - 90 - - 85 83
- - - 98 - 91 88 87 - 82
- - 71 100 93 - - - - -
64 65 - 74 - - 77 - 16 -
- 62 - - - 20 - 26 - 14
- - 59 22 21 - - - - 12
- 56 54 33 - 30 28 - 8 -
51 - - - 35 31 - 6 - 10
- 50 46 - 43 42 - - 3 -
48 - - 44 - - 41 - - 1
[Solution]

68 69 97 96 95 90 89 86 85 83
67 70 99 98 94 91 88 87 84 82
66 72 71 100 93 92 78 79 80 81
64 65 73 74 75 76 77 18 16 15
63 62 61 60 23 20 19 26 17 14
57 58 59 22 21 24 25 27 13 12
52 56 54 33 32 30 28 7 8 11
51 53 55 34 35 31 29 6 9 10
49 50 46 36 43 42 39 5 3 2
48 47 45 44 37 38 41 40 4 1