10x10
[Problem]

55 56 64 62 - - 40 - 38 -
- 54 - 63 61 - - 34 - 37
53 - 66 60 - - - 94 - -
51 52 - - 45 - 93 - - -
- - 68 48 46 30 85 - 87 -
77 - - - - 84 - 86 27 97
74 - 80 81 - - 100 - - -
75 73 - - 82 2 - 99 25 -
7 9 5 - - - 1 - 20 22
- - - 4 - - - 19 - -
[Solution]

55 56 64 62 42 41 40 39 38 36
57 54 65 63 61 43 33 34 35 37
53 58 66 60 44 32 92 94 90 89
51 52 59 67 45 31 93 91 95 88
78 50 68 48 46 30 85 28 87 96
77 79 49 69 47 84 29 86 27 97
74 76 80 81 70 83 100 26 98 24
75 73 72 71 82 2 16 99 25 23
7 9 5 11 3 15 1 17 20 22
8 6 10 4 12 13 14 19 18 21