10x10
[Problem]

82 - - 89 - - - 99 - 11
- 81 86 - 92 - 100 98 - -
57 - - 87 - - - 14 - -
56 58 - 78 - - - - 15 -
- 55 59 - - 71 73 - - -
- 53 - - 70 67 - - 1 3
- - - 64 65 66 21 - 5 -
- 50 49 - - - 33 - - -
45 - - - 37 - 32 - 27 -
44 - 40 39 - 36 31 29 - -
[Solution]

82 84 85 89 90 91 97 99 12 11
83 81 86 88 92 96 100 98 13 10
57 80 79 87 93 94 95 14 16 9
56 58 77 78 75 74 72 17 15 8
54 55 59 76 68 71 73 18 7 2
52 53 60 69 70 67 19 6 1 3
51 48 61 64 65 66 21 20 5 4
47 50 49 62 63 34 33 22 23 24
45 46 42 41 37 35 32 30 27 25
44 43 40 39 38 36 31 29 28 26