10x10
[Problem]

- - 46 45 - - - 64 65 -
48 50 - - 57 59 62 66 - -
36 37 - - 56 - - - 70 -
35 - - 52 - - - - 72 73
32 - - 53 13 - 79 77 - -
- 33 - - - 16 - 81 100 98
- - - - 9 - - 83 97 -
- 29 27 - - - - - - 96
- 2 22 20 - 85 86 87 93 -
1 - - - 5 - - - 90 91
[Solution]

49 47 46 45 44 58 63 64 65 68
48 50 42 43 57 59 62 66 67 69
36 37 51 41 56 55 60 61 70 71
35 38 40 52 54 14 78 76 72 73
32 34 39 53 13 15 79 77 75 74
31 33 11 12 17 16 80 81 100 98
30 26 28 10 9 18 82 83 97 99
25 29 27 21 19 8 84 94 95 96
24 2 22 20 7 85 86 87 93 92
1 23 3 4 5 6 88 89 90 91