10x10
[Problem]

- 69 - - - - - - 9 11
- 71 - 96 - - 7 6 - 12
- 72 - 97 - 89 3 - 14 -
65 - 74 100 90 88 - 1 16 -
- 63 75 79 - 87 85 84 19 -
61 - - - - - - 83 18 -
60 59 55 - - - 37 - - 21
51 - 58 54 - 39 - - 22 -
- - - - - - 33 29 27 -
- 48 - 44 43 32 - - - 25
[Solution]

68 69 70 95 94 93 5 8 9 11
67 71 98 96 92 4 7 6 10 12
66 72 99 97 91 89 3 2 14 13
65 73 74 100 90 88 86 1 16 15
64 63 75 79 80 87 85 84 19 17
61 62 56 76 78 81 82 83 18 20
60 59 55 57 77 40 37 36 35 21
51 52 58 54 41 39 38 34 22 23
50 47 53 45 42 31 33 29 27 24
49 48 46 44 43 32 30 28 26 25