10x10
[Problem]

1 - - - 16 - 18 19 - 22
3 12 14 - - - - 50 21 -
- - - 90 93 97 - - - 24
- 6 - - 89 - 100 - 46 -
- 8 9 87 - 54 - 45 - -
79 - 86 - 55 56 57 44 28 -
- - - - - 59 - 43 31 -
- 75 76 - 83 - - 40 32 -
- 70 - 67 - 63 - 39 - 33
72 - - 65 64 - - - 35 -
[Solution]

1 2 13 15 16 17 18 19 20 22
3 12 14 94 95 96 98 50 21 23
4 11 91 90 93 97 51 99 49 24
5 6 10 92 89 52 100 48 46 25
7 8 9 87 88 54 53 45 47 26
79 80 86 85 55 56 57 44 28 27
78 77 81 82 84 59 58 43 31 29
74 75 76 68 83 60 42 40 32 30
73 70 69 67 61 63 41 39 36 33
72 71 66 65 64 62 38 37 35 34