10x10
[Problem]

- - - - - - - 61 60 58
- 87 85 81 82 - 63 - - 57
90 91 93 - 80 - 68 70 - 55
95 94 92 - 74 73 71 69 - 53
- 97 - - - - 48 - 51 -
- 99 - 6 - 1 - 46 - -
100 - 10 4 - - 27 - - -
13 - - 3 24 25 28 34 - 39
- 16 - 21 - - - - - 40
15 - 18 20 - - - - - -
[Solution]

88 86 84 83 66 65 64 61 60 58
89 87 85 81 82 67 63 62 59 57
90 91 93 79 80 72 68 70 56 55
95 94 92 78 74 73 71 69 54 53
96 97 7 77 76 75 48 49 51 52
98 99 8 6 5 1 47 46 50 43
100 9 10 4 2 26 27 45 44 42
13 12 11 3 24 25 28 34 41 39
14 16 19 21 23 29 33 35 38 40
15 17 18 20 22 30 31 32 36 37