10x10
[Problem]

42 - 39 - 36 2 - - 32 -
- 43 38 - - - 1 27 - 30
- 45 46 5 6 8 - - - -
50 - - - - 10 - 24 25 -
- 53 - 87 - 11 - - - 21
- - - 88 - 83 - 15 - -
56 58 - - 84 - - 16 - -
- 94 - - - - 81 - - 76
95 - - 60 63 - 67 - - 74
- 96 100 61 - 64 - 69 71 73
[Solution]

42 40 39 37 36 2 34 33 32 31
41 43 38 4 3 35 1 27 28 30
44 45 46 5 6 8 9 26 23 29
50 49 48 47 7 10 12 24 25 22
51 53 54 87 86 11 13 18 19 21
52 55 89 88 85 83 14 15 17 20
56 58 93 90 84 82 80 16 78 77
57 94 59 92 91 66 81 79 75 76
95 98 99 60 63 65 67 70 72 74
97 96 100 61 62 64 68 69 71 73