10x10
[Problem]

- - - - 10 11 - 13 - 18
4 2 7 76 - 79 - 16 - -
- - 1 75 - - - 15 - 20
56 - - - 74 82 - 86 - 22
- 54 71 59 61 - 87 - 23 -
- - 46 62 - 64 - - - 26
- - 69 - - 66 - 91 90 -
- 50 48 - 67 - - - 92 -
43 40 49 38 - 97 100 93 - -
41 - - - - - - - 31 -
[Solution]

5 6 8 9 10 11 12 13 17 18
4 2 7 76 77 79 80 16 14 19
3 57 1 75 73 78 81 15 21 20
56 55 58 72 74 82 84 86 24 22
53 54 71 59 61 83 87 85 23 25
52 70 46 62 60 64 65 88 89 26
51 45 69 47 63 66 95 91 90 27
44 50 48 68 67 99 96 94 92 28
43 40 49 38 98 97 100 93 32 29
41 42 39 37 36 35 34 33 31 30