10x10
[Problem]

- - - 28 29 37 - 41 42 44
- 17 - 31 - - 39 - - 43
16 - - 32 - - - - - 46
23 - - - 92 - - 100 - 48
- 24 - - - 85 98 - - -
10 13 89 87 - - 83 52 53 -
- - - 78 - 82 81 65 - 55
- - 6 - 77 - - 63 - 56
1 - - - 75 69 67 - 58 -
- - 4 74 71 70 - - - 59
[Solution]

20 19 18 28 29 37 38 41 42 44
21 17 27 31 30 36 39 40 45 43
16 22 26 32 34 35 94 95 47 46
23 15 25 33 92 93 99 100 96 48
14 24 88 90 91 85 98 97 51 49
10 13 89 87 86 84 83 52 53 50
9 11 12 78 79 82 81 65 54 55
8 7 6 76 77 80 66 63 64 56
1 5 73 72 75 69 67 62 58 57
2 3 4 74 71 70 68 61 60 59