10x10
[Problem]

99 100 - - 84 - 24 - - 20
- - - 87 85 - 25 22 18 -
- 90 95 - 29 26 - - 17 -
- - - - - 14 - - - 76
37 - - 33 31 - 13 - 74 -
39 38 35 34 - 11 - - 72 70
41 - - - - 7 - - - 69
- - 1 - 3 - 8 60 - -
- 47 - - 55 57 - - - -
49 50 51 54 - - - 63 66 -
[Solution]

99 100 88 86 84 83 24 23 21 20
98 96 89 87 85 82 25 22 18 19
97 90 95 28 29 26 81 16 17 77
91 92 94 30 27 14 15 80 78 76
37 36 93 33 31 12 13 79 74 75
39 38 35 34 32 11 10 73 72 70
41 40 44 2 4 7 6 9 71 69
42 43 1 45 3 5 8 60 61 68
48 47 46 52 55 57 59 62 64 67
49 50 51 54 53 56 58 63 66 65