10x10
[Problem]

49 - - - - 39 82 83 - 85
50 - 45 43 38 37 80 - - -
- 46 - - 33 36 79 - 89 90
52 - 56 32 - - - - - 91
54 53 - 58 - - 98 100 - 92
- 60 - 73 74 - - 97 - -
- 62 61 - - 28 24 96 - 20
66 - - 71 - - - - - 18
- - 3 - 7 10 - 12 - 16
- - 1 6 5 - 9 - - -
[Solution]

49 48 42 41 40 39 82 83 84 85
50 47 45 43 38 37 80 81 87 86
51 46 44 34 33 36 79 88 89 90
52 55 56 32 35 76 77 78 93 91
54 53 57 58 31 75 98 100 94 92
63 60 59 73 74 30 99 97 95 21
64 62 61 72 29 28 24 96 22 20
66 65 70 71 27 26 25 23 19 18
67 69 3 4 7 10 11 12 17 16
68 2 1 6 5 8 9 13 14 15