10x10
[Problem]

89 - - - 85 - 81 - - 36
- 91 - 86 - - - 50 - 37
- - 99 93 - 77 49 - - 34
96 98 - 100 76 - 55 - - 39
67 - - - - 73 - 47 32 -
- 69 70 - - - - 46 31 -
- 14 - 62 - - - - - -
15 - - - - 59 - - 28 -
- - 6 - - 3 - 1 27 -
9 7 - - 4 - 22 23 24 26
[Solution]

89 88 87 84 85 82 81 52 51 36
90 91 92 86 83 80 53 50 35 37
97 95 99 93 79 77 49 54 38 34
96 98 94 100 76 78 55 48 33 39
67 66 65 71 75 73 56 47 32 40
68 69 70 64 72 74 57 46 31 41
16 14 18 62 63 60 58 45 42 30
15 17 13 19 61 59 44 43 28 29
8 10 6 12 20 3 2 1 27 25
9 7 11 5 4 21 22 23 24 26