10x10
[Problem]

- - 75 76 - - - - 91 -
70 - - - - 95 98 - 89 -
69 - 78 - 59 - 96 99 - 1
- 68 - 62 - 60 - - 100 -
66 - - - - - - - - 3
27 - 25 23 - - 50 52 47 -
- 26 - 22 - 55 53 - - 5
31 - - - 21 17 - 45 7 -
- 33 38 - 20 - - - - -
- - 36 - - - 14 12 10 9
[Solution]

73 74 75 76 82 94 93 92 91 90
70 72 77 81 83 95 98 97 89 88
69 71 78 80 59 84 96 99 87 1
67 68 79 62 58 60 85 86 100 2
66 65 64 63 61 57 51 49 48 3
27 28 25 23 56 54 50 52 47 4
29 26 24 22 18 55 53 44 46 5
31 30 39 19 21 17 43 45 7 6
32 33 38 40 20 42 16 13 11 8
34 35 36 37 41 15 14 12 10 9