10x10
[Problem]

- 17 - 10 9 - - - 5 -
15 - - - - - - 1 - 3
14 - 25 100 98 - 91 - 87 86
- 23 - 26 97 95 - - 85 -
- 22 - 27 47 - 93 - 83 82
31 - 29 - 48 50 - - 76 -
- 33 45 - - 53 - - - -
34 - 43 42 - 55 - - - 59
35 - - - 69 - - - 61 -
- - 38 70 - - 67 65 - -
[Solution]

16 17 12 10 9 8 7 6 5 4
15 13 18 11 99 90 89 1 2 3
14 19 25 100 98 96 91 88 87 86
20 23 24 26 97 95 94 92 85 84
21 22 28 27 47 51 93 77 83 82
31 30 29 46 48 50 52 78 76 81
32 33 45 44 49 53 56 75 79 80
34 40 43 42 54 55 74 57 58 59
35 39 41 71 69 73 66 64 61 60
36 37 38 70 72 68 67 65 63 62