10x10
[Problem]

- - - - - - - - - -
16 20 19 - - 62 65 77 74 -
- 15 25 - 59 - 66 - 71 72
- - - 30 56 57 - - 69 -
12 - - 41 - 55 - - - 81
11 - 33 - 43 - 54 - 83 -
- - 39 38 - - 50 47 84 -
8 9 - 36 52 - - 49 - 86
7 - 1 - 98 96 94 93 90 -
- 6 - 99 100 - - - 91 -
[Solution]

17 18 21 22 23 61 63 64 76 75
16 20 19 24 60 62 65 77 74 73
14 15 25 29 59 58 66 78 71 72
13 26 28 30 56 57 67 79 69 70
12 27 31 41 42 55 45 68 80 81
11 32 33 40 43 44 54 46 83 82
10 34 39 38 37 53 50 47 84 85
8 9 35 36 52 51 48 49 87 86
7 4 1 2 98 96 94 93 90 88
5 6 3 99 100 97 95 92 91 89