10x10
[Problem]

34 33 - 30 68 - 73 - 78 81
- - - 69 - - - - - -
- - - - 70 64 75 - - 84
- 38 - - - - 62 61 - 85
- - - - 25 11 10 60 - 86
21 - 17 - - - - - - 90
41 - - - 57 58 6 7 - -
- 44 - - 56 - - 4 - 92
45 - - - 54 1 3 95 94 100
- - 49 51 - - 96 - - -
[Solution]

34 33 31 30 68 72 73 79 78 81
35 32 29 69 67 71 74 77 80 82
36 28 27 66 70 64 75 76 83 84
37 38 23 26 65 63 62 61 87 85
39 22 16 24 25 11 10 60 88 86
21 40 17 15 13 12 59 9 89 90
41 20 18 14 57 58 6 7 8 91
42 44 19 55 56 2 5 4 93 92
45 43 48 50 54 1 3 95 94 100
46 47 49 51 52 53 96 97 98 99