10x10
[Problem]

- 77 76 75 100 - - - - -
- 79 - 73 - - - 62 - 59
80 - - - 98 - 66 65 - 57
- - 96 - - 49 53 - - 56
- 92 - - 48 51 - 19 18 17
- - - - - - 44 20 14 -
86 - 88 40 - 43 21 - 13 -
- - 38 - 41 25 - - - 7
34 33 - 28 - 26 - 5 - -
32 - - - 1 2 3 4 - 9
[Solution]

78 77 76 75 100 70 69 63 61 60
81 79 74 73 71 99 68 62 64 59
80 82 95 72 98 67 66 65 58 57
83 94 96 97 50 49 53 54 55 56
84 92 93 47 48 51 52 19 18 17
85 91 90 89 46 45 44 20 14 16
86 87 88 40 42 43 21 22 13 15
35 36 38 39 41 25 23 12 6 7
34 33 37 28 27 26 24 5 11 8
32 31 30 29 1 2 3 4 10 9